706Solução de custo 476 encontrada: 

0 0 0 1 0 0 0 0 0 0 0 0 0 0 0 0 0 0 0 0 0 0 0 0 0 1 0 0 0 0 0 0 0 0 0 0 1 0 0 1 1 
0 0 0 1 0 0 0 0 0 0 0 0 0 0 1 0 0 0 0 1 1 0 0 0 0 0 0 0 0 1 0 0 0 0 0 0 0 0 0 0 1 
0 0 0 0 1 1 0 0 0 0 0 0 0 1 0 0 0 0 0 0 0 0 0 0 1 0 0 0 0 0 0 0 0 0 0 0 0 0 1 0 0 
1 1 0 0 0 0 0 0 0 0 0 1 0 0 1 0 0 0 0 0 0 0 0 0 0 1 0 0 0 0 0 0 0 0 0 0 0 0 0 0 1 
0 0 1 0 0 1 0 0 0 0 0 0 0 1 0 1 0 1 1 0 0 0 0 0 1 0 0 0 1 0 0 0 0 0 0 0 0 0 1 0 0 
0 0 1 0 1 0 0 0 0 0 0 0 0 1 0 0 0 0 0 0 0 0 0 0 1 0 0 0 0 0 0 0 0 0 0 0 0 0 1 0 0 
0 0 0 0 0 0 0 0 0 0 1 0 0 0 0 0 0 0 0 0 0 0 1 0 0 0 0 0 0 0 0 0 1 1 1 0 0 0 0 0 0 
0 0 0 0 0 0 0 0 0 0 0 0 0 0 0 0 1 0 0 0 0 1 0 1 0 0 0 0 0 0 0 1 0 0 0 0 0 1 0 0 0 
0 0 0 0 0 0 0 0 0 0 0 1 0 0 0 0 0 0 0 0 0 0 0 0 0 0 1 0 0 0 0 0 0 0 0 1 0 1 0 0 0 
0 0 0 0 0 0 0 0 0 0 0 0 1 0 0 0 0 0 0 1 0 1 0 0 0 0 0 0 0 1 1 0 0 0 0 0 0 0 0 0 0 
0 0 0 0 0 0 1 0 0 0 0 0 0 0 0 1 0 0 1 1 1 0 1 0 0 0 0 0 0 0 0 0 1 0 1 0 0 0 0 0 0 
0 0 0 1 0 0 0 0 1 0 0 0 0 0 0 0 0 0 0 0 0 0 0 0 0 0 1 0 0 0 0 0 0 0 0 1 1 0 0 0 0 
0 0 0 0 0 0 0 0 0 1 0 0 0 0 0 0 0 0 0 0 0 1 0 0 0 0 0 0 0 1 1 0 0 0 0 0 0 0 0 0 0 
0 0 1 0 1 1 0 0 0 0 0 0 0 0 0 0 0 0 0 0 0 0 0 0 0 0 0 0 0 0 0 0 0 0 0 0 0 0 1 0 0 
0 1 0 1 0 0 0 0 0 0 0 0 0 0 0 0 0 0 0 1 0 1 0 0 0 0 0 0 0 1 0 1 0 0 0 0 0 0 0 0 0 
0 0 0 0 1 0 0 0 0 0 1 0 0 0 0 0 0 1 1 0 1 0 0 0 1 0 0 0 1 0 0 0 1 0 1 0 0 0 0 0 0 
0 0 0 0 0 0 0 1 0 0 0 0 0 0 0 0 0 0 0 0 0 1 0 1 0 0 0 0 0 0 0 1 0 0 0 0 0 0 0 0 0 
0 0 0 0 1 0 0 0 0 0 0 0 0 0 0 1 0 0 1 0 0 0 0 0 0 0 0 0 0 0 0 0 1 0 1 0 0 0 0 0 0 
0 0 0 0 1 0 0 0 0 0 1 0 0 0 0 1 0 1 0 0 1 0 0 0 1 0 0 0 1 0 0 0 1 0 1 0 0 0 0 0 0 
0 1 0 0 0 0 0 0 0 1 1 0 0 0 1 0 0 0 0 0 1 0 0 0 0 0 0 0 0 1 0 0 1 0 0 0 0 0 0 0 0 
0 1 0 0 0 0 0 0 0 0 1 0 0 0 0 1 0 0 1 1 0 0 0 0 0 0 0 0 1 0 0 0 1 0 1 0 0 0 0 0 0 
0 0 0 0 0 0 0 1 0 1 0 0 1 0 1 0 1 0 0 0 0 0 0 1 0 0 0 0 0 1 0 1 0 0 0 0 0 0 0 0 0 
0 0 0 0 0 0 1 0 0 0 1 0 0 0 0 0 0 0 0 0 0 0 0 0 0 0 0 0 0 0 1 0 0 1 0 0 0 0 0 0 0 
0 0 0 0 0 0 0 1 0 0 0 0 0 0 0 0 1 0 0 0 0 1 0 0 0 0 1 0 0 0 0 1 0 0 0 0 0 1 0 0 0 
0 0 1 0 1 1 0 0 0 0 0 0 0 0 0 1 0 0 1 0 0 0 0 0 0 0 0 0 1 0 0 0 0 0 0 0 0 0 1 0 0 
1 0 0 1 0 0 0 0 0 0 0 0 0 0 0 0 0 0 0 0 0 0 0 0 0 0 0 0 0 0 0 0 0 0 0 0 0 0 0 0 1 
0 0 0 0 0 0 0 0 1 0 0 1 0 0 0 0 0 0 0 0 0 0 0 1 0 0 0 0 0 0 0 1 0 0 0 1 0 1 0 0 0 
0 0 0 0 0 0 0 0 0 0 0 0 0 0 0 0 0 0 0 0 0 0 0 0 0 0 0 0 0 0 0 0 0 0 0 0 1 0 0 1 0 
0 0 0 0 1 0 0 0 0 0 0 0 0 0 0 1 0 0 1 0 1 0 0 0 1 0 0 0 0 0 0 0 1 0 0 0 0 0 0 0 0 
0 1 0 0 0 0 0 0 0 1 0 0 1 0 1 0 0 0 0 1 0 1 0 0 0 0 0 0 0 0 0 1 0 0 0 0 0 0 0 0 0 
0 0 0 0 0 0 0 0 0 1 0 0 1 0 0 0 0 0 0 0 0 0 1 0 0 0 0 0 0 0 0 0 0 0 0 0 0 0 0 0 0 
0 0 0 0 0 0 0 1 0 0 0 0 0 0 1 0 1 0 0 0 0 1 0 1 0 0 1 0 0 1 0 0 0 0 0 0 0 1 0 0 0 
0 0 0 0 0 0 1 0 0 0 1 0 0 0 0 1 0 1 1 1 1 0 0 0 0 0 0 0 1 0 0 0 0 0 1 0 0 0 0 0 0 
0 0 0 0 0 0 1 0 0 0 0 0 0 0 0 0 0 0 0 0 0 0 1 0 0 0 0 0 0 0 0 0 0 0 0 0 0 0 0 0 0 
0 0 0 0 0 0 1 0 0 0 1 0 0 0 0 1 0 1 1 0 1 0 0 0 0 0 0 0 0 0 0 0 1 0 0 0 0 0 0 0 0 
0 0 0 0 0 0 0 0 1 0 0 1 0 0 0 0 0 0 0 0 0 0 0 0 0 0 1 0 0 0 0 0 0 0 0 0 1 0 0 0 0 
1 0 0 0 0 0 0 0 0 0 0 1 0 0 0 0 0 0 0 0 0 0 0 0 0 0 0 1 0 0 0 0 0 0 0 1 0 0 0 1 0 
0 0 0 0 0 0 0 1 1 0 0 0 0 0 0 0 0 0 0 0 0 0 0 1 0 0 1 0 0 0 0 1 0 0 0 0 0 0 0 0 0 
0 0 1 0 1 1 0 0 0 0 0 0 0 1 0 0 0 0 0 0 0 0 0 0 1 0 0 0 0 0 0 0 0 0 0 0 0 0 0 0 0 
1 0 0 0 0 0 0 0 0 0 0 0 0 0 0 0 0 0 0 0 0 0 0 0 0 0 0 1 0 0 0 0 0 0 0 0 1 0 0 0 0 
1 1 0 1 0 0 0 0 0 0 0 0 0 0 0 0 0 0 0 0 0 0 0 0 0 1 0 0 0 0 0 0 0 0 0 0 0 0 0 0 0 

(0,3,20);(0,25,10);(0,36,20);(0,39,22);(0,40,22);(1,3,14);(1,14,14);(1,19,14);(1,20,20);(1,29,20);(1,40,10);(2,4,20);(2,5,14);(2,13,10);(2,24,22);(2,38,10);(3,0,20);(3,1,14);(3,11,20);(3,14,20);(3,25,22);(3,40,10);(4,2,20);(4,5,14);(4,13,22);(4,15,20);(4,17,22);(4,18,22);(4,24,10);(4,28,22);(4,38,22);(5,2,14);(5,4,14);(5,13,10);(5,24,22);(5,38,22);(6,10,14);(6,22,10);(6,32,22);(6,33,14);(6,34,20);(7,16,10);(7,21,22);(7,23,10);(7,31,22);(7,37,22);(8,11,14);(8,26,10);(8,35,10);(8,37,20);(9,12,10);(9,19,20);(9,21,20);(9,29,14);(9,30,14);(10,6,14);(10,15,22);(10,18,20);(10,19,20);(10,20,14);(10,22,22);(10,32,10);(10,34,14);(11,3,20);(11,8,14);(11,26,22);(11,35,10);(11,36,20);(12,9,10);(12,21,22);(12,29,22);(12,30,10);(13,2,10);(13,4,22);(13,5,10);(13,38,20);(14,1,14);(14,3,20);(14,19,20);(14,21,20);(14,29,14);(14,31,14);(15,4,20);(15,10,22);(15,17,10);(15,18,10);(15,20,22);(15,24,22);(15,28,22);(15,32,14);(15,34,10);(16,7,10);(16,21,14);(16,23,14);(16,31,20);(17,4,22);(17,15,10);(17,18,20);(17,32,22);(17,34,14);(18,4,22);(18,10,20);(18,15,10);(18,17,20);(18,20,14);(18,24,20);(18,28,14);(18,32,10);(18,34,14);(19,1,14);(19,9,20);(19,10,20);(19,14,20);(19,20,14);(19,29,14);(19,32,22);(20,1,20);(20,10,14);(20,15,22);(20,18,14);(20,19,14);(20,28,20);(20,32,10);(20,34,20);(21,7,22);(21,9,20);(21,12,22);(21,14,20);(21,16,14);(21,23,20);(21,29,14);(21,31,14);(22,6,10);(22,10,22);(22,30,22);(22,33,10);(23,7,10);(23,16,14);(23,21,20);(23,26,22);(23,31,14);(23,37,14);(24,2,22);(24,4,10);(24,5,22);(24,15,22);(24,18,20);(24,28,14);(24,38,20);(25,0,10);(25,3,22);(25,40,20);(26,8,10);(26,11,22);(26,23,22);(26,31,22);(26,35,20);(26,37,10);(27,36,22);(27,39,14);(28,4,22);(28,15,22);(28,18,14);(28,20,20);(28,24,14);(28,32,22);(29,1,20);(29,9,14);(29,12,22);(29,14,14);(29,19,14);(29,21,14);(29,31,20);(30,9,14);(30,12,10);(30,22,22);(31,7,22);(31,14,14);(31,16,20);(31,21,14);(31,23,14);(31,26,22);(31,29,20);(31,37,20);(32,6,22);(32,10,10);(32,15,14);(32,17,22);(32,18,10);(32,19,22);(32,20,10);(32,28,22);(32,34,10);(33,6,14);(33,22,10);(34,6,20);(34,10,14);(34,15,10);(34,17,14);(34,18,14);(34,20,20);(34,32,10);(35,8,10);(35,11,10);(35,26,20);(35,36,22);(36,0,20);(36,11,20);(36,27,22);(36,35,22);(36,39,10);(37,7,22);(37,8,20);(37,23,14);(37,26,10);(37,31,20);(38,2,10);(38,4,22);(38,5,22);(38,13,20);(38,24,20);(39,0,22);(39,27,14);(39,36,10);(40,0,22);(40,1,10);(40,3,10);(40,25,20);


